260.0 0.1483 0.3248 0.5269
261.0 0.0729 0.364 0.5631
262.0 0.0362 0.3633 0.6005
263.0 0.0198 0.3438 0.6364
264.0 0.014 0.3134 0.6726
265.0 0.0129 0.2852 0.7019
266.0 0.0115 0.2605 0.728
267.0 0.0124 0.2367 0.7509
268.0 0.0103 0.2166 0.7731
269.0 0.0124 0.1967 0.7909
270.0 0.0139 0.1803 0.8058
271.0 0.0168 0.167 0.8162
272.0 0.0171 0.1514 0.8315
273.0 0.0182 0.1404 0.8414
274.0 0.0196 0.1286 0.8518
275.0 0.0222 0.1179 0.8599
276.0 0.025 0.1074 0.8676
277.0 0.0279 0.0991 0.873
278.0 0.0325 0.0914 0.8761
279.0 0.0349 0.0852 0.8799
280.0 0.0392 0.0795 0.8813
281.0 0.0429 0.0724 0.8847
282.0 0.046 0.0656 0.8884
283.0 0.0516 0.0606 0.8878
284.0 0.0535 0.0576 0.8889
285.0 0.0581 0.0524 0.8895
286.0 0.0633 0.0497 0.887
287.0 0.0679 0.0478 0.8843
288.0 0.0717 0.0447 0.8836
289.0 0.075 0.0416 0.8834
290.0 0.0808 0.0374 0.8818
291.0 0.0869 0.0343 0.8788
292.0 0.0936 0.0311 0.8753
293.0 0.1006 0.0291 0.8703
294.0 0.1059 0.0274 0.8667
295.0 0.111 0.026 0.863
296.0 0.1169 0.0246 0.8585
297.0 0.1231 0.0226 0.8543
298.0 0.1285 0.0206 0.8509
299.0 0.134 0.0191 0.8469
0.0 0.0692 0.3713 0.5595
1.0 0.0357 0.3625 0.6018
2.0 0.0226 0.3407 0.6367
3.0 0.0154 0.3173 0.6673
4.0 0.0128 0.2904 0.6968
5.0 0.0124 0.2648 0.7228
6.0 0.0122 0.238 0.7498
7.0 0.0124 0.2155 0.7721
8.0 0.0145 0.1955 0.79
9.0 0.0144 0.1769 0.8087
10.0 0.0175 0.1613 0.8212
11.0 0.0182 0.1494 0.8324
12.0 0.0182 0.1374 0.8444
13.0 0.0212 0.1275 0.8513
14.0 0.0249 0.1178 0.8573
15.0 0.0263 0.1088 0.8649
16.0 0.0297 0.1012 0.8691
17.0 0.0328 0.0925 0.8747
18.0 0.0365 0.0859 0.8776
19.0 0.0402 0.0799 0.8799
20.0 0.0425 0.0759 0.8816
21.0 0.0469 0.0718 0.8813
22.0 0.0504 0.0662 0.8834
23.0 0.056 0.0618 0.8822
24.0 0.0582 0.0579 0.8839
25.0 0.0622 0.0544 0.8834
26.0 0.069 0.0497 0.8813
27.0 0.0725 0.0462 0.8813
28.0 0.0772 0.043 0.8798
29.0 0.0818 0.0405 0.8777
30.0 0.087 0.036 0.877
31.0 0.091 0.0347 0.8743
32.0 0.0957 0.0318 0.8725
33.0 0.1019 0.0309 0.8672
34.0 0.1062 0.0282 0.8656
35.0 0.1115 0.0268 0.8617
36.0 0.1166 0.0257 0.8577
37.0 0.1217 0.0243 0.854
38.0 0.1263 0.0236 0.8501
39.0 0.131 0.0238 0.8452
40.0 0.1367 0.0224 0.8409
41.0 0.1424 0.022 0.8356
42.0 0.1467 0.021 0.8323
43.0 0.1519 0.0208 0.8273
44.0 0.1579 0.0194 0.8227
45.0 0.1622 0.0184 0.8194
46.0 0.1655 0.0181 0.8164
47.0 0.1705 0.0169 0.8126
48.0 0.1743 0.0163 0.8094
49.0 0.1804 0.0156 0.804
50.0 0.1847 0.0148 0.8005
51.0 0.1896 0.0139 0.7965
52.0 0.1941 0.014 0.7919
53.0 0.2006 0.0145 0.7849
54.0 0.2052 0.0152 0.7796
55.0 0.2079 0.015 0.7771
56.0 0.2119 0.0154 0.7727
57.0 0.2167 0.0137 0.7696
58.0 0.2215 0.0141 0.7644
59.0 0.2276 0.0132 0.7592
60.0 0.2306 0.0136 0.7558
61.0 0.2347 0.0125 0.7528
62.0 0.24 0.0122 0.7478
63.0 0.2451 0.0121 0.7428
64.0 0.2485 0.0115 0.74
65.0 0.2528 0.0112 0.736
66.0 0.257 0.0105 0.7325
67.0 0.2615 0.0102 0.7283
68.0 0.266 0.01 0.724
69.0 0.2702 0.01 0.7198
70.0 0.2744 0.0097 0.7159
71.0 0.2781 0.0107 0.7112
72.0 0.2824 0.0102 0.7074
73.0 0.2858 0.0106 0.7036
74.0 0.2891 0.0108 0.7001
75.0 0.2908 0.0126 0.6966
76.0 0.294 0.0137 0.6923
77.0 0.299 0.013 0.688
78.0 0.3019 0.0133 0.6848
79.0 0.3055 0.014 0.6805
80.0 0.3089 0.0134 0.6777
81.0 0.3129 0.0132 0.6739
82.0 0.3164 0.0141 0.6695
83.0 0.319 0.0153 0.6657
84.0 0.3218 0.0163 0.6619
85.0 0.3253 0.0169 0.6578
86.0 0.3279 0.0174 0.6547
87.0 0.3324 0.0159 0.6517
88.0 0.3352 0.016 0.6488
89.0 0.3361 0.0175 0.6464
90.0 0.3399 0.0171 0.643
91.0 0.3418 0.0174 0.6408
92.0 0.344 0.0187 0.6373
93.0 0.3489 0.0182 0.6329
94.0 0.3544 0.0169 0.6287
95.0 0.3568 0.0184 0.6248
96.0 0.3586 0.0193 0.6221
97.0 0.3627 0.0192 0.6181
98.0 0.3651 0.0198 0.6151
99.0 0.367 0.0212 0.6118
100.0 0.3697 0.0225 0.6078
101.0 0.3704 0.0234 0.6062
102.0 0.369 0.0258 0.6052
103.0 0.3683 0.0272 0.6045
104.0 0.3674 0.0282 0.6044
105.0 0.3668 0.03 0.6032
106.0 0.3647 0.0336 0.6017
107.0 0.3619 0.0365 0.6016
108.0 0.3603 0.0363 0.6034
109.0 0.3578 0.0403 0.6019
110.0 0.3544 0.0429 0.6027
111.0 0.3483 0.0473 0.6044
112.0 0.3411 0.0546 0.6043
113.0 0.3345 0.0585 0.607
114.0 0.3254 0.0655 0.6091
115.0 0.3141 0.0764 0.6095
116.0 0.3008 0.085 0.6142
117.0 0.2878 0.0921 0.6201
118.0 0.2742 0.1018 0.624
119.0 0.2602 0.1081 0.6317
120.0 0.2392 0.1209 0.6399
121.0 0.223 0.1263 0.6507
122.0 0.2061 0.1324 0.6615
123.0 0.1934 0.133 0.6736
124.0 0.1798 0.1371 0.6831
125.0 0.1668 0.1395 0.6937
126.0 0.1508 0.1425 0.7067
127.0 0.1378 0.1444 0.7178
128.0 0.1271 0.1425 0.7304
129.0 0.1176 0.1403 0.7421
130.0 0.1108 0.1373 0.7519
131.0 0.1035 0.1349 0.7616
132.0 0.0968 0.1278 0.7754
133.0 0.0928 0.1208 0.7864
134.0 0.0896 0.1152 0.7952
135.0 0.0902 0.1098 0.8
136.0 0.0912 0.1044 0.8044
137.0 0.0922 0.0974 0.8104
138.0 0.0929 0.0911 0.816
139.0 0.0954 0.0844 0.8202
140.0 0.0979 0.0771 0.825
141.0 0.0984 0.0718 0.8298
142.0 0.1014 0.0682 0.8304
143.0 0.1043 0.0636 0.8321
144.0 0.109 0.0576 0.8334
145.0 0.1107 0.0555 0.8338
146.0 0.1117 0.0543 0.834
147.0 0.1158 0.0514 0.8328
148.0 0.1192 0.0472 0.8336
149.0 0.1225 0.0449 0.8326
150.0 0.1262 0.0421 0.8317
151.0 0.1296 0.042 0.8284
152.0 0.1324 0.0391 0.8285
153.0 0.1375 0.0358 0.8267
154.0 0.1413 0.0325 0.8262
155.0 0.1454 0.0309 0.8237
156.0 0.1493 0.0296 0.8211
157.0 0.154 0.0279 0.8181
158.0 0.1578 0.0269 0.8153
159.0 0.161 0.0255 0.8135
160.0 0.1642 0.0252 0.8106
161.0 0.1689 0.0242 0.8069
162.0 0.1744 0.0223 0.8033
163.0 0.1793 0.0211 0.7996
164.0 0.1842 0.0192 0.7966
165.0 0.1903 0.0186 0.7911
166.0 0.194 0.0186 0.7874
167.0 0.1984 0.0181 0.7835
168.0 0.2038 0.0175 0.7787
169.0 0.2095 0.0167 0.7738
170.0 0.2149 0.016 0.7691
171.0 0.2197 0.0161 0.7642
172.0 0.226 0.0156 0.7584
173.0 0.2303 0.0148 0.7549
174.0 0.2338 0.0153 0.7509
175.0 0.2374 0.0158 0.7468
176.0 0.2405 0.0164 0.7431
177.0 0.2441 0.0159 0.74
178.0 0.2472 0.0169 0.7359
179.0 0.25 0.0175 0.7325
180.0 0.2527 0.0177 0.7296
181.0 0.2577 0.0168 0.7255
182.0 0.2626 0.0163 0.7211
183.0 0.2677 0.0158 0.7165
184.0 0.271 0.0164 0.7126
185.0 0.2755 0.0164 0.7081
186.0 0.2791 0.0172 0.7037
187.0 0.2822 0.0168 0.701
188.0 0.2848 0.0175 0.6977
189.0 0.2868 0.0178 0.6954
190.0 0.2905 0.0162 0.6933
191.0 0.2943 0.0158 0.6899
192.0 0.2977 0.0156 0.6867
193.0 0.3003 0.0152 0.6845
194.0 0.3031 0.015 0.6819
195.0 0.3068 0.0163 0.6769
196.0 0.3111 0.0147 0.6742
197.0 0.3139 0.0153 0.6708
198.0 0.3168 0.0155 0.6677
199.0 0.3209 0.0155 0.6636
200.0 0.3255 0.0155 0.659
201.0 0.3273 0.016 0.6567
202.0 0.3297 0.0169 0.6534
203.0 0.333 0.0173 0.6497
204.0 0.3345 0.0181 0.6474
205.0 0.3378 0.0185 0.6437
206.0 0.3407 0.0187 0.6406
207.0 0.3422 0.0199 0.6379
208.0 0.3434 0.021 0.6356
209.0 0.3447 0.0217 0.6336
210.0 0.3452 0.023 0.6318
211.0 0.3442 0.0272 0.6286
212.0 0.342 0.0311 0.6269
213.0 0.3394 0.0362 0.6244
214.0 0.3361 0.041 0.6229
215.0 0.3335 0.0436 0.6229
216.0 0.3315 0.0459 0.6226
217.0 0.3264 0.0502 0.6234
218.0 0.3233 0.0523 0.6244
219.0 0.3185 0.0547 0.6268
220.0 0.3147 0.0578 0.6275
221.0 0.3054 0.0639 0.6307
222.0 0.2994 0.0678 0.6328
223.0 0.2924 0.0715 0.6361
224.0 0.2852 0.0758 0.639
225.0 0.2773 0.0789 0.6438
226.0 0.2697 0.0782 0.6521
227.0 0.2662 0.0787 0.6551
228.0 0.2598 0.0813 0.6589
229.0 0.2561 0.0787 0.6652
230.0 0.2535 0.0772 0.6693
231.0 0.2482 0.0773 0.6745
232.0 0.2445 0.0769 0.6786
233.0 0.2399 0.0782 0.6819
234.0 0.2333 0.079 0.6877
235.0 0.2267 0.0809 0.6924
236.0 0.219 0.0834 0.6976
237.0 0.2095 0.0867 0.7038
238.0 0.2012 0.0905 0.7083
239.0 0.1909 0.0948 0.7143
240.0 0.1804 0.0967 0.7229
241.0 0.1718 0.098 0.7302
242.0 0.163 0.1015 0.7355
243.0 0.1525 0.1052 0.7423
244.0 0.1433 0.1077 0.749
245.0 0.1371 0.106 0.7569
246.0 0.1305 0.1065 0.763
247.0 0.1253 0.1049 0.7698
248.0 0.1195 0.1043 0.7762
249.0 0.1161 0.1012 0.7827
250.0 0.1135 0.0985 0.788
251.0 0.1118 0.096 0.7922
252.0 0.1099 0.0922 0.7979
253.0 0.1089 0.0869 0.8042
254.0 0.1107 0.0832 0.8061
255.0 0.1109 0.081 0.8081
256.0 0.1113 0.0766 0.8121
257.0 0.1117 0.0741 0.8142
258.0 0.1147 0.07 0.8153
259.0 0.1159 0.0664 0.8177
260.0 0.1173 0.0621 0.8206
261.0 0.1191 0.0587 0.8222
262.0 0.123 0.0556 0.8214
263.0 0.1236 0.0539 0.8225
264.0 0.1277 0.0485 0.8238
265.0 0.1314 0.0458 0.8228
266.0 0.1338 0.0446 0.8216
267.0 0.1357 0.0442 0.8201
268.0 0.139 0.0424 0.8186
269.0 0.1427 0.0399 0.8174
270.0 0.1468 0.038 0.8152
271.0 0.1524 0.0362 0.8114
272.0 0.1557 0.036 0.8083
273.0 0.161 0.0347 0.8043
274.0 0.1642 0.0341 0.8017
275.0 0.1687 0.0336 0.7977
276.0 0.1734 0.0327 0.7939
277.0 0.1778 0.0309 0.7913
278.0 0.1803 0.0311 0.7886
279.0 0.1822 0.0313 0.7865
280.0 0.1852 0.0288 0.786
281.0 0.19 0.0282 0.7818
282.0 0.1931 0.0278 0.7791
283.0 0.1966 0.0277 0.7757
284.0 0.1992 0.0277 0.7731
285.0 0.203 0.0271 0.7699
286.0 0.2075 0.0252 0.7673
287.0 0.2107 0.0255 0.7638
288.0 0.2156 0.0243 0.7601
289.0 0.2197 0.0233 0.757
290.0 0.2237 0.0239 0.7524
291.0 0.2273 0.0229 0.7498
292.0 0.233 0.0222 0.7448
293.0 0.2377 0.0221 0.7402
294.0 0.2415 0.0218 0.7367
295.0 0.2458 0.021 0.7332
296.0 0.25 0.0198 0.7302
297.0 0.2539 0.0179 0.7282
298.0 0.2589 0.017 0.7241
299.0 0.2625 0.0155 0.722
300.0 0.2669 0.0144 0.7187
301.0 0.2706 0.015 0.7144
302.0 0.2748 0.0149 0.7103
303.0 0.2796 0.0158 0.7046
304.0 0.2825 0.0156 0.7019
305.0 0.284 0.0175 0.6985
306.0 0.2859 0.0181 0.696
307.0 0.288 0.0201 0.6919
308.0 0.2918 0.0208 0.6874
309.0 0.2931 0.0212 0.6857
310.0 0.2955 0.0223 0.6822
311.0 0.2987 0.0215 0.6798
312.0 0.3019 0.0212 0.6769
313.0 0.3043 0.0218 0.6739
314.0 0.3077 0.0201 0.6722
315.0 0.3076 0.0229 0.6695
316.0 0.3088 0.0264 0.6648
317.0 0.3091 0.0297 0.6612
318.0 0.3096 0.0317 0.6587
319.0 0.3106 0.0317 0.6577
320.0 0.3105 0.0329 0.6566
321.0 0.3123 0.0343 0.6534
322.0 0.3125 0.034 0.6535
323.0 0.3129 0.0332 0.6539
324.0 0.3121 0.0353 0.6526
325.0 0.3113 0.0363 0.6524
326.0 0.3084 0.0376 0.654
327.0 0.3059 0.0396 0.6545
328.0 0.3037 0.0415 0.6548
329.0 0.2997 0.0457 0.6546
330.0 0.2965 0.0486 0.6549
331.0 0.2926 0.051 0.6564
332.0 0.2884 0.053 0.6586
333.0 0.2868 0.0538 0.6594
334.0 0.2829 0.0562 0.6609
335.0 0.2789 0.0596 0.6615
336.0 0.2753 0.0615 0.6632
337.0 0.2722 0.0627 0.6651
338.0 0.2667 0.0669 0.6664
339.0 0.2631 0.0691 0.6678
340.0 0.2556 0.073 0.6714
341.0 0.2445 0.0755 0.68
342.0 0.2364 0.0778 0.6858
343.0 0.2273 0.0838 0.6889
344.0 0.2184 0.0873 0.6943
345.0 0.21 0.0906 0.6994
346.0 0.2041 0.0918 0.7041
347.0 0.1952 0.0948 0.71
348.0 0.1911 0.0937 0.7152
349.0 0.186 0.0942 0.7198
350.0 0.1814 0.0933 0.7253
351.0 0.177 0.0926 0.7304
352.0 0.1695 0.0947 0.7358
353.0 0.1632 0.0971 0.7397
354.0 0.1586 0.0948 0.7466
355.0 0.1539 0.0963 0.7498
356.0 0.1491 0.0975 0.7534
357.0 0.1445 0.0951 0.7604
358.0 0.1421 0.0925 0.7654
359.0 0.1414 0.09 0.7686
360.0 0.14 0.086 0.774
361.0 0.1397 0.0826 0.7777
362.0 0.1412 0.0768 0.782
363.0 0.1399 0.0748 0.7853
364.0 0.1392 0.0741 0.7867
365.0 0.1381 0.0727 0.7892
366.0 0.1372 0.073 0.7898
367.0 0.1333 0.0716 0.7951
368.0 0.1319 0.0725 0.7956
369.0 0.1304 0.072 0.7976
370.0 0.1287 0.0706 0.8007
371.0 0.1278 0.0667 0.8055
372.0 0.1277 0.0655 0.8068
373.0 0.13 0.0627 0.8073
374.0 0.1331 0.0594 0.8075
375.0 0.1361 0.0563 0.8076
376.0 0.1383 0.0545 0.8072
377.0 0.1397 0.0542 0.8061
378.0 0.1401 0.0542 0.8057
379.0 0.1407 0.0521 0.8072
380.0 0.1422 0.0504 0.8074
381.0 0.1442 0.0485 0.8073
382.0 0.1475 0.0461 0.8064
383.0 0.1511 0.0436 0.8053
384.0 0.1555 0.042 0.8025
385.0 0.1591 0.042 0.7989
386.0 0.1609 0.0406 0.7985
387.0 0.1621 0.0393 0.7986
388.0 0.1655 0.0392 0.7953
389.0 0.168 0.0392 0.7928
390.0 0.1681 0.0404 0.7915
391.0 0.172 0.0386 0.7894
392.0 0.1745 0.0379 0.7876
393.0 0.1764 0.0374 0.7862
394.0 0.1787 0.0367 0.7846
395.0 0.1822 0.0351 0.7827
396.0 0.187 0.0332 0.7798
397.0 0.1899 0.0335 0.7766
398.0 0.1926 0.0331 0.7743
399.0 0.1949 0.0334 0.7717
400.0 0.1976 0.0316 0.7708
401.0 0.1997 0.0307 0.7696
402.0 0.2049 0.0296 0.7655
403.0 0.2078 0.0283 0.7639
404.0 0.2112 0.028 0.7608
405.0 0.2155 0.0258 0.7587
406.0 0.2188 0.0244 0.7568
407.0 0.2238 0.024 0.7522
408.0 0.2282 0.0223 0.7495
409.0 0.2325 0.0206 0.7469
410.0 0.2367 0.0193 0.744
411.0 0.2407 0.0193 0.74
412.0 0.2452 0.0187 0.7361
413.0 0.2484 0.018 0.7336
414.0 0.2523 0.0193 0.7284
415.0 0.2558 0.0188 0.7254
416.0 0.2599 0.0187 0.7214
417.0 0.2634 0.0194 0.7172
418.0 0.2662 0.0201 0.7137
419.0 0.27 0.0196 0.7104
420.0 0.2727 0.0219 0.7054
421.0 0.2754 0.0222 0.7024
422.0 0.2784 0.0223 0.6993
423.0 0.2812 0.0216 0.6972
424.0 0.2837 0.0224 0.6939
425.0 0.286 0.0204 0.6936
426.0 0.2896 0.0206 0.6898
427.0 0.2926 0.0214 0.686
428.0 0.2945 0.0226 0.6829
429.0 0.2963 0.0241 0.6796
430.0 0.2975 0.0257 0.6768
431.0 0.3004 0.0255 0.6741
432.0 0.3025 0.0258 0.6717
433.0 0.3029 0.0267 0.6704
434.0 0.3046 0.0275 0.6679
435.0 0.3053 0.0291 0.6656
436.0 0.3042 0.0312 0.6646
437.0 0.3052 0.0324 0.6624
438.0 0.3049 0.0329 0.6622
439.0 0.304 0.0339 0.6621
440.0 0.3046 0.0347 0.6607
441.0 0.3049 0.0378 0.6573
442.0 0.3034 0.0397 0.6569
443.0 0.3033 0.0422 0.6545
444.0 0.3006 0.0444 0.655
445.0 0.2965 0.0462 0.6573
446.0 0.2949 0.0468 0.6583
447.0 0.2936 0.0467 0.6597
448.0 0.2945 0.0465 0.659
449.0 0.29 0.0484 0.6616
450.0 0.2874 0.0498 0.6628
451.0 0.2828 0.0534 0.6638
452.0 0.2792 0.0561 0.6647
453.0 0.2718 0.0597 0.6685
454.0 0.2654 0.0634 0.6712
455.0 0.2597 0.0676 0.6727
456.0 0.2531 0.0715 0.6754
457.0 0.2475 0.0725 0.68
458.0 0.2455 0.0712 0.6833
459.0 0.2418 0.0713 0.6869
460.0 0.2374 0.0719 0.6907
461.0 0.2308 0.0738 0.6954
462.0 0.226 0.0754 0.6986
463.0 0.2194 0.0784 0.7022
464.0 0.2099 0.0823 0.7078
465.0 0.2026 0.0847 0.7127
466.0 0.1966 0.0891 0.7143
467.0 0.1912 0.0882 0.7206
468.0 0.1841 0.0916 0.7243
469.0 0.1792 0.0909 0.7299
470.0 0.1724 0.0931 0.7345
471.0 0.1634 0.0965 0.7401
472.0 0.1511 0.1021 0.7468
473.0 0.1399 0.1072 0.7529
474.0 0.1316 0.1084 0.76
475.0 0.1244 0.1081 0.7675
476.0 0.119 0.1057 0.7753
477.0 0.1133 0.1038 0.7829
478.0 0.109 0.1037 0.7873
479.0 0.1079 0.0995 0.7926
480.0 0.1059 0.0962 0.7979
481.0 0.103 0.0936 0.8034
482.0 0.1055 0.089 0.8055
483.0 0.1053 0.0847 0.81
484.0 0.106 0.0792 0.8148
485.0 0.1079 0.0747 0.8174
486.0 0.11 0.0697 0.8203
487.0 0.1132 0.0664 0.8204
488.0 0.1157 0.0622 0.8221
489.0 0.1182 0.0586 0.8232
490.0 0.1205 0.0556 0.8239
491.0 0.1246 0.053 0.8224
492.0 0.1286 0.0486 0.8228
493.0 0.1315 0.046 0.8225
494.0 0.1318 0.0452 0.823
