0.0 0.1429 0.3309 0.5262
1.0 0.0821 0.3603 0.5576
2.0 0.0539 0.3566 0.5895
3.0 0.0402 0.3393 0.6205
4.0 0.0329 0.3197 0.6474
5.0 0.0325 0.2975 0.67
6.0 0.0335 0.2756 0.6909
7.0 0.0354 0.2568 0.7078
8.0 0.036 0.2406 0.7234
9.0 0.0365 0.223 0.7405
10.0 0.039 0.205 0.756
11.0 0.0424 0.1877 0.7699
12.0 0.045 0.1748 0.7802
13.0 0.0496 0.163 0.7874
14.0 0.0545 0.1513 0.7942
15.0 0.0577 0.1406 0.8017
16.0 0.061 0.1305 0.8085
17.0 0.0656 0.1216 0.8128
18.0 0.07 0.1103 0.8197
19.0 0.0733 0.103 0.8237
20.0 0.0776 0.0957 0.8267
21.0 0.0821 0.0904 0.8275
22.0 0.088 0.0825 0.8295
23.0 0.0932 0.0785 0.8283
24.0 0.0999 0.0741 0.826
25.0 0.1045 0.0693 0.8262
26.0 0.1097 0.0644 0.8259
27.0 0.115 0.0611 0.8239
28.0 0.1196 0.0572 0.8232
29.0 0.1255 0.0532 0.8213
30.0 0.1317 0.0512 0.8171
31.0 0.138 0.0486 0.8134
32.0 0.1434 0.0464 0.8102
33.0 0.1511 0.0431 0.8058
34.0 0.1574 0.0419 0.8007
35.0 0.1652 0.0383 0.7965
36.0 0.1738 0.0356 0.7906
37.0 0.1807 0.0341 0.7852
38.0 0.185 0.0328 0.7822
39.0 0.1893 0.0317 0.779
40.0 0.1965 0.0295 0.774
41.0 0.2015 0.0288 0.7697
42.0 0.2081 0.0272 0.7647
43.0 0.2149 0.0256 0.7595
44.0 0.2205 0.0237 0.7558
45.0 0.2257 0.023 0.7513
46.0 0.2312 0.0217 0.7471
47.0 0.2379 0.021 0.7411
48.0 0.244 0.0204 0.7356
49.0 0.2504 0.0192 0.7304
50.0 0.2569 0.0172 0.7259
51.0 0.2626 0.0156 0.7218
52.0 0.2685 0.0148 0.7167
53.0 0.275 0.0152 0.7098
54.0 0.2817 0.0141 0.7042
55.0 0.2886 0.0133 0.6981
56.0 0.2936 0.0129 0.6935
57.0 0.2997 0.0123 0.688
58.0 0.3057 0.0115 0.6828
59.0 0.3105 0.011 0.6785
60.0 0.3181 0.0111 0.6708
61.0 0.3227 0.0111 0.6662
62.0 0.3273 0.0113 0.6614
63.0 0.3319 0.0107 0.6574
64.0 0.3364 0.0099 0.6537
65.0 0.3439 0.0093 0.6468
66.0 0.3504 0.0092 0.6404
67.0 0.3559 0.0088 0.6353
68.0 0.3621 0.0084 0.6295
69.0 0.3669 0.0085 0.6246
70.0 0.3721 0.0078 0.6201
71.0 0.3779 0.0073 0.6148
72.0 0.3838 0.0072 0.609
73.0 0.3901 0.0079 0.602
74.0 0.3945 0.0089 0.5966
75.0 0.4008 0.0089 0.5903
76.0 0.4051 0.009 0.5859
77.0 0.4103 0.0087 0.581
78.0 0.4155 0.0086 0.5759
79.0 0.4213 0.0086 0.5701
80.0 0.4262 0.0091 0.5647
81.0 0.4308 0.0092 0.56
82.0 0.4362 0.0084 0.5554
83.0 0.4401 0.0086 0.5513
84.0 0.4457 0.0087 0.5456
85.0 0.4503 0.0096 0.5401
86.0 0.4559 0.0095 0.5346
87.0 0.4621 0.0094 0.5285
88.0 0.4652 0.0092 0.5256
89.0 0.4695 0.0088 0.5217
90.0 0.4731 0.0084 0.5185
91.0 0.4774 0.0092 0.5134
92.0 0.4809 0.0098 0.5093
93.0 0.4872 0.0108 0.502
94.0 0.4918 0.011 0.4972
95.0 0.4955 0.0115 0.493
96.0 0.4984 0.0116 0.49
97.0 0.5019 0.0124 0.4857
98.0 0.5052 0.0118 0.483
99.0 0.5077 0.0123 0.48
100.0 0.5119 0.0127 0.4754
101.0 0.5138 0.0134 0.4728
102.0 0.5176 0.0142 0.4682
103.0 0.5204 0.0145 0.4651
104.0 0.5218 0.0152 0.463
105.0 0.5258 0.0141 0.4601
106.0 0.5288 0.0131 0.4581
107.0 0.5314 0.0132 0.4554
108.0 0.5361 0.013 0.4509
109.0 0.5407 0.0119 0.4474
110.0 0.5444 0.0112 0.4444
111.0 0.5468 0.0116 0.4416
112.0 0.5501 0.0118 0.4381
113.0 0.5541 0.0116 0.4343
114.0 0.5579 0.011 0.4311
115.0 0.5591 0.0126 0.4283
116.0 0.5601 0.0139 0.426
117.0 0.5622 0.0155 0.4223
118.0 0.5633 0.0171 0.4196
119.0 0.5645 0.0178 0.4177
120.0 0.564 0.0195 0.4165
121.0 0.5651 0.0215 0.4134
122.0 0.5667 0.0218 0.4115
123.0 0.5671 0.023 0.4099
124.0 0.5682 0.0235 0.4083
125.0 0.5684 0.024 0.4076
126.0 0.5695 0.0241 0.4064
127.0 0.5694 0.0247 0.4059
128.0 0.5701 0.0271 0.4028
129.0 0.5689 0.0294 0.4017
130.0 0.5695 0.0301 0.4004
131.0 0.568 0.033 0.399
132.0 0.5646 0.0368 0.3986
133.0 0.5644 0.0383 0.3973
134.0 0.5633 0.0405 0.3962
135.0 0.5614 0.042 0.3966
136.0 0.5589 0.0445 0.3966
137.0 0.556 0.0481 0.3959
138.0 0.5535 0.0496 0.3969
139.0 0.5495 0.0538 0.3967
140.0 0.5462 0.0536 0.4002
141.0 0.5429 0.0546 0.4025
142.0 0.5387 0.0566 0.4047
143.0 0.5326 0.0612 0.4062
144.0 0.5238 0.0669 0.4093
145.0 0.5161 0.0717 0.4122
146.0 0.5066 0.0777 0.4157
147.0 0.4976 0.084 0.4184
148.0 0.4893 0.0889 0.4218
149.0 0.4801 0.0932 0.4267
150.0 0.4693 0.0981 0.4326
151.0 0.4573 0.106 0.4367
152.0 0.4453 0.1122 0.4425
153.0 0.4322 0.1212 0.4466
154.0 0.4159 0.128 0.4561
155.0 0.3973 0.1377 0.465
156.0 0.3808 0.1462 0.473
157.0 0.3658 0.1516 0.4826
158.0 0.351 0.1555 0.4935
159.0 0.3338 0.1603 0.5059
160.0 0.3167 0.1655 0.5178
161.0 0.3045 0.1653 0.5302
162.0 0.2911 0.169 0.5399
163.0 0.2774 0.1717 0.5509
164.0 0.2622 0.1753 0.5625
165.0 0.2498 0.1747 0.5755
166.0 0.2361 0.1779 0.586
167.0 0.2248 0.1768 0.5984
168.0 0.2139 0.1766 0.6095
169.0 0.2039 0.1736 0.6225
170.0 0.1929 0.173 0.6341
171.0 0.1854 0.168 0.6466
172.0 0.1789 0.1621 0.659
173.0 0.1723 0.1582 0.6695
174.0 0.1699 0.1508 0.6793
175.0 0.1673 0.1461 0.6866
176.0 0.1649 0.1431 0.692
177.0 0.1623 0.1368 0.7009
178.0 0.1593 0.1317 0.709
179.0 0.1575 0.1259 0.7166
180.0 0.1536 0.1218 0.7246
181.0 0.1554 0.1152 0.7294
182.0 0.155 0.1109 0.7341
183.0 0.1561 0.1081 0.7358
184.0 0.1571 0.1053 0.7376
185.0 0.1572 0.1034 0.7394
186.0 0.1568 0.1008 0.7424
187.0 0.1581 0.0985 0.7434
188.0 0.1585 0.0932 0.7483
189.0 0.1614 0.0876 0.751
190.0 0.1655 0.0826 0.7519
191.0 0.17 0.0777 0.7523
192.0 0.1723 0.0745 0.7532
193.0 0.1777 0.071 0.7513
194.0 0.1811 0.0685 0.7504
195.0 0.1861 0.0656 0.7483
196.0 0.1888 0.0611 0.7501
197.0 0.1941 0.0576 0.7483
198.0 0.1992 0.0552 0.7456
199.0 0.2031 0.0512 0.7457
200.0 0.208 0.049 0.743
201.0 0.2135 0.0453 0.7412
202.0 0.2192 0.0412 0.7396
203.0 0.2237 0.0386 0.7377
204.0 0.2294 0.0368 0.7338
205.0 0.2346 0.0358 0.7296
206.0 0.2411 0.0326 0.7263
207.0 0.246 0.0291 0.7249
208.0 0.2524 0.0289 0.7187
209.0 0.2594 0.0269 0.7137
210.0 0.265 0.0253 0.7097
211.0 0.2705 0.0242 0.7053
212.0 0.2763 0.0228 0.7009
213.0 0.2813 0.0234 0.6953
214.0 0.2876 0.0227 0.6897
215.0 0.2927 0.023 0.6843
216.0 0.298 0.0217 0.6803
217.0 0.3034 0.0201 0.6765
218.0 0.3079 0.0195 0.6726
219.0 0.3135 0.0184 0.6681
220.0 0.3205 0.0169 0.6626
221.0 0.3247 0.0163 0.659
222.0 0.3315 0.0151 0.6534
223.0 0.3374 0.0143 0.6483
224.0 0.3426 0.0139 0.6435
225.0 0.3481 0.0141 0.6378
226.0 0.3538 0.0145 0.6317
227.0 0.3605 0.0152 0.6243
228.0 0.3635 0.0164 0.6201
229.0 0.3673 0.0157 0.617
230.0 0.3708 0.0157 0.6135
231.0 0.3749 0.0156 0.6095
232.0 0.3796 0.0163 0.6041
233.0 0.3845 0.0165 0.599
234.0 0.3887 0.0168 0.5945
235.0 0.3933 0.0158 0.5909
236.0 0.3981 0.016 0.5859
237.0 0.4019 0.016 0.5821
238.0 0.4069 0.0163 0.5768
239.0 0.4117 0.0154 0.5729
240.0 0.4154 0.0152 0.5694
241.0 0.4204 0.0154 0.5642
242.0 0.4239 0.0157 0.5604
243.0 0.4271 0.0162 0.5567
244.0 0.431 0.0176 0.5514
245.0 0.4331 0.0182 0.5487
246.0 0.4352 0.0189 0.5459
247.0 0.4388 0.0199 0.5413
248.0 0.4432 0.0182 0.5386
249.0 0.4468 0.0175 0.5357
250.0 0.4515 0.0167 0.5318
251.0 0.4559 0.0161 0.528
252.0 0.4595 0.0149 0.5256
253.0 0.4626 0.0148 0.5226
254.0 0.4664 0.0149 0.5187
255.0 0.4699 0.0144 0.5157
256.0 0.4738 0.0139 0.5123
257.0 0.4778 0.0137 0.5085
258.0 0.4813 0.0139 0.5048
259.0 0.4845 0.0152 0.5003
260.0 0.4884 0.0156 0.496
261.0 0.4913 0.0156 0.4931
262.0 0.493 0.0169 0.4901
263.0 0.4947 0.0172 0.4881
264.0 0.4973 0.0184 0.4843
265.0 0.4992 0.0195 0.4813
266.0 0.5001 0.0203 0.4796
267.0 0.5008 0.0213 0.4779
268.0 0.5009 0.0228 0.4763
269.0 0.5028 0.0229 0.4743
270.0 0.5038 0.0244 0.4718
271.0 0.5059 0.0264 0.4677
272.0 0.5047 0.0285 0.4668
273.0 0.5049 0.0298 0.4653
274.0 0.5042 0.0315 0.4643
275.0 0.5034 0.0338 0.4628
276.0 0.5027 0.034 0.4633
277.0 0.5024 0.0341 0.4635
278.0 0.5035 0.0352 0.4613
279.0 0.5032 0.037 0.4598
280.0 0.5048 0.0363 0.4589
281.0 0.5058 0.0354 0.4588
282.0 0.5074 0.0345 0.4581
283.0 0.5085 0.0345 0.457
284.0 0.5077 0.0365 0.4558
285.0 0.5066 0.0369 0.4565
286.0 0.5086 0.0364 0.455
287.0 0.5106 0.0363 0.4531
288.0 0.5106 0.0365 0.4529
289.0 0.5094 0.0367 0.4539
290.0 0.5089 0.0392 0.4519
291.0 0.5083 0.0402 0.4515
292.0 0.5093 0.0401 0.4506
293.0 0.5073 0.0431 0.4496
294.0 0.5061 0.0452 0.4487
295.0 0.5049 0.0471 0.448
296.0 0.504 0.0495 0.4465
297.0 0.502 0.0517 0.4463
298.0 0.4989 0.0546 0.4465
299.0 0.4954 0.0573 0.4473
300.0 0.4909 0.061 0.4481
301.0 0.4842 0.0665 0.4493
302.0 0.4767 0.0717 0.4516
303.0 0.4693 0.0758 0.4549
304.0 0.4612 0.0807 0.4581
305.0 0.454 0.085 0.461
306.0 0.4463 0.0895 0.4642
307.0 0.4386 0.0932 0.4682
308.0 0.4275 0.0982 0.4743
309.0 0.4185 0.1034 0.4781
310.0 0.4069 0.1093 0.4838
311.0 0.397 0.1106 0.4924
312.0 0.388 0.1108 0.5012
313.0 0.38 0.1129 0.5071
314.0 0.3725 0.1136 0.5139
315.0 0.3643 0.1133 0.5224
316.0 0.3549 0.1158 0.5293
317.0 0.3442 0.1186 0.5372
318.0 0.3336 0.1222 0.5442
319.0 0.3274 0.1239 0.5487
320.0 0.3182 0.1236 0.5582
321.0 0.3111 0.1206 0.5683
322.0 0.3042 0.1196 0.5762
323.0 0.2984 0.1202 0.5814
324.0 0.2929 0.1214 0.5857
325.0 0.2853 0.1212 0.5935
326.0 0.2808 0.1227 0.5965
327.0 0.2752 0.121 0.6038
328.0 0.2704 0.1186 0.611
329.0 0.2662 0.1173 0.6165
330.0 0.2621 0.1168 0.6211
331.0 0.2558 0.119 0.6252
332.0 0.2487 0.1206 0.6307
333.0 0.2412 0.1242 0.6346
334.0 0.235 0.1249 0.6401
335.0 0.2286 0.1246 0.6468
336.0 0.2272 0.1223 0.6505
337.0 0.2235 0.1197 0.6568
338.0 0.2193 0.1185 0.6622
339.0 0.2147 0.116 0.6693
340.0 0.2107 0.1158 0.6735
341.0 0.2073 0.1142 0.6785
342.0 0.2056 0.1137 0.6807
343.0 0.2004 0.1144 0.6852
344.0 0.195 0.1148 0.6902
345.0 0.192 0.1146 0.6934
346.0 0.19 0.1121 0.6979
347.0 0.1885 0.1109 0.7006
348.0 0.1865 0.1082 0.7053
349.0 0.1885 0.1021 0.7094
350.0 0.1918 0.096 0.7122
351.0 0.195 0.09 0.715
352.0 0.1999 0.0837 0.7164
353.0 0.206 0.0758 0.7182
354.0 0.2107 0.0722 0.7171
355.0 0.2153 0.0675 0.7172
356.0 0.2187 0.0628 0.7185
357.0 0.2233 0.0598 0.7169
358.0 0.2276 0.0556 0.7168
359.0 0.2332 0.053 0.7138
360.0 0.2368 0.0487 0.7145
361.0 0.2421 0.046 0.7119
362.0 0.2481 0.0434 0.7085
363.0 0.2546 0.0402 0.7052
364.0 0.2614 0.0377 0.7009
365.0 0.2652 0.0372 0.6976
366.0 0.2695 0.0369 0.6936
367.0 0.2756 0.0341 0.6903
368.0 0.2804 0.0325 0.6871
369.0 0.2853 0.0305 0.6842
370.0 0.2895 0.0295 0.681
371.0 0.2933 0.0286 0.6781
372.0 0.2991 0.0279 0.673
373.0 0.3047 0.0262 0.6691
374.0 0.309 0.0244 0.6666
375.0 0.3157 0.0234 0.6609
376.0 0.3202 0.0218 0.658
377.0 0.3261 0.0196 0.6543
378.0 0.3307 0.0178 0.6515
379.0 0.3362 0.016 0.6478
380.0 0.3433 0.015 0.6417
381.0 0.3498 0.0146 0.6356
382.0 0.3547 0.0138 0.6315
383.0 0.3608 0.0135 0.6257
384.0 0.3659 0.0141 0.62
385.0 0.3701 0.0146 0.6153
386.0 0.3754 0.0138 0.6108
387.0 0.3802 0.0136 0.6062
388.0 0.3853 0.0135 0.6012
389.0 0.3918 0.013 0.5952
390.0 0.3958 0.0127 0.5915
391.0 0.4008 0.0127 0.5865
392.0 0.4051 0.0123 0.5826
393.0 0.4095 0.0129 0.5776
394.0 0.4125 0.0121 0.5754
395.0 0.4178 0.0118 0.5704
396.0 0.4224 0.0117 0.5659
397.0 0.4267 0.0119 0.5614
398.0 0.4321 0.0119 0.556
0.0 0.084807 0.367414 0.547779
1.0 0.05498 0.365818 0.579202
2.0 0.041372 0.349695 0.608933
3.0 0.035409 0.327948 0.636643
4.0 0.033454 0.304523 0.662023
5.0 0.033447 0.281954 0.684599
6.0 0.034219 0.260777 0.705004
7.0 0.035859 0.241102 0.723039
8.0 0.037928 0.223335 0.738737
9.0 0.040128 0.207005 0.752867
10.0 0.042862 0.191986 0.765152
11.0 0.045868 0.178143 0.775989
12.0 0.048877 0.165564 0.785559
13.0 0.052276 0.153973 0.793751
14.0 0.055976 0.143648 0.800376
15.0 0.059709 0.133796 0.806495
16.0 0.063752 0.124751 0.811497
17.0 0.068116 0.11656 0.815324
18.0 0.072681 0.109037 0.818282
19.0 0.077522 0.102032 0.820446
20.0 0.082352 0.095612 0.822036
21.0 0.087265 0.089744 0.822991
22.0 0.092306 0.084418 0.823276
23.0 0.097578 0.07929 0.823132
24.0 0.102902 0.074325 0.822773
25.0 0.108476 0.069795 0.821729
26.0 0.113866 0.065857 0.820277
27.0 0.119411 0.062127 0.818462
28.0 0.125054 0.058438 0.816508
29.0 0.130828 0.055104 0.814068
30.0 0.136627 0.051946 0.811427
31.0 0.142589 0.049157 0.808254
32.0 0.148501 0.046645 0.804854
33.0 0.15453 0.044364 0.801106
34.0 0.160468 0.042049 0.797483
35.0 0.166726 0.039749 0.793525
36.0 0.172981 0.037626 0.789393
37.0 0.179099 0.035651 0.78525
38.0 0.185241 0.033768 0.780991
39.0 0.191386 0.032102 0.776512
40.0 0.197622 0.030472 0.771906
41.0 0.203754 0.029014 0.767232
42.0 0.209924 0.02769 0.762386
43.0 0.216134 0.026422 0.757444
44.0 0.222336 0.025166 0.752498
45.0 0.228606 0.02405 0.747344
46.0 0.234777 0.02295 0.742273
47.0 0.240993 0.021966 0.737041
48.0 0.247329 0.021031 0.73164
49.0 0.253367 0.020146 0.726487
50.0 0.259465 0.019308 0.721227
51.0 0.265653 0.01855 0.715797
52.0 0.271531 0.017826 0.710643
53.0 0.277531 0.017069 0.7054
54.0 0.283669 0.016432 0.699899
55.0 0.289619 0.015869 0.694512
56.0 0.29553 0.015281 0.689189
57.0 0.301536 0.01469 0.683774
58.0 0.307317 0.014157 0.678526
59.0 0.313046 0.013691 0.673263
60.0 0.318971 0.013239 0.66779
61.0 0.324787 0.012826 0.662387
62.0 0.330734 0.012446 0.65682
63.0 0.336434 0.012123 0.651443
64.0 0.342131 0.011803 0.646066
65.0 0.347691 0.011564 0.640745
66.0 0.353243 0.011289 0.635468
67.0 0.358542 0.011086 0.630372
68.0 0.364072 0.010799 0.625129
69.0 0.369546 0.010546 0.619908
70.0 0.374902 0.010231 0.614867
71.0 0.380281 0.010002 0.609717
72.0 0.385739 0.009771 0.60449
73.0 0.391024 0.009658 0.599318
74.0 0.396058 0.009477 0.594465
75.0 0.401263 0.009329 0.589408
76.0 0.406552 0.009178 0.58427
77.0 0.411547 0.009031 0.579422
78.0 0.416401 0.008926 0.574673
79.0 0.421236 0.008811 0.569953
80.0 0.426118 0.008749 0.565133
81.0 0.430977 0.008725 0.560298
82.0 0.435739 0.00869 0.555571
83.0 0.440458 0.008706 0.550836
84.0 0.445121 0.008718 0.546161
85.0 0.449638 0.008723 0.541639
86.0 0.45409 0.008753 0.537157
87.0 0.458719 0.008756 0.532525
88.0 0.463294 0.008735 0.527971
89.0 0.467704 0.008786 0.52351
90.0 0.472062 0.008813 0.519125
91.0 0.476422 0.008792 0.514786
92.0 0.480634 0.008813 0.510553
93.0 0.484865 0.008778 0.506357
94.0 0.488934 0.008823 0.502243
95.0 0.492914 0.008895 0.498191
96.0 0.496952 0.009014 0.494034
97.0 0.500996 0.009088 0.489916
98.0 0.50489 0.009144 0.485966
99.0 0.508719 0.009251 0.48203
100.0 0.512509 0.009385 0.478106
101.0 0.516142 0.009624 0.474234
102.0 0.519702 0.009735 0.470563
103.0 0.523255 0.009917 0.466828
104.0 0.526678 0.010144 0.463178
105.0 0.529902 0.010434 0.459664
106.0 0.533128 0.010747 0.456125
107.0 0.536109 0.01103 0.452861
108.0 0.53918 0.011393 0.449427
109.0 0.542282 0.011665 0.446053
110.0 0.545193 0.012113 0.442694
111.0 0.547918 0.012579 0.439503
112.0 0.550653 0.012984 0.436363
113.0 0.553201 0.013422 0.433377
114.0 0.555636 0.013978 0.430386
115.0 0.55804 0.014515 0.427445
116.0 0.560348 0.015026 0.424626
117.0 0.562551 0.015595 0.421854
118.0 0.564514 0.016209 0.419277
119.0 0.566428 0.016849 0.416723
120.0 0.568208 0.017462 0.41433
121.0 0.569901 0.018126 0.411973
122.0 0.57146 0.018858 0.409682
123.0 0.572813 0.019688 0.407499
124.0 0.57405 0.020508 0.405442
125.0 0.574975 0.0215 0.403525
126.0 0.575758 0.022558 0.401684
127.0 0.576411 0.023583 0.400006
128.0 0.576832 0.024837 0.398331
129.0 0.576986 0.026029 0.396985
130.0 0.577003 0.027361 0.395636
131.0 0.576702 0.028792 0.394506
132.0 0.576277 0.030202 0.393521
133.0 0.575542 0.031729 0.392729
134.0 0.574699 0.033327 0.391974
135.0 0.573478 0.035111 0.391411
136.0 0.571898 0.037009 0.391093
137.0 0.569751 0.039154 0.391095
138.0 0.567467 0.041401 0.391132
139.0 0.564914 0.043755 0.391331
140.0 0.561867 0.046246 0.391887
141.0 0.558306 0.048889 0.392805
142.0 0.554478 0.051644 0.393878
143.0 0.550343 0.054469 0.395188
144.0 0.545623 0.057377 0.397
145.0 0.540751 0.060364 0.398885
146.0 0.535402 0.063344 0.401254
147.0 0.529599 0.066652 0.403749
148.0 0.523525 0.069937 0.406538
149.0 0.517051 0.073268 0.409681
150.0 0.510303 0.076648 0.413049
0.0 0.084874 0.367295 0.547831
1.0 0.054909 0.365765 0.579326
2.0 0.041326 0.349363 0.609311
3.0 0.035265 0.327816 0.636919
4.0 0.033324 0.304559 0.662117
5.0 0.033342 0.282143 0.684515
6.0 0.034305 0.261306 0.704389
7.0 0.035783 0.24193 0.722287
8.0 0.03778 0.224045 0.738175
9.0 0.040022 0.207685 0.752293
10.0 0.042602 0.192854 0.764544
11.0 0.045641 0.178937 0.775422
12.0 0.048801 0.166327 0.784872
13.0 0.052123 0.154715 0.793162
14.0 0.055889 0.144065 0.800046
15.0 0.059857 0.134302 0.805841
16.0 0.063841 0.125336 0.810823
17.0 0.068125 0.11723 0.814645
18.0 0.0725 0.109734 0.817766
19.0 0.077076 0.102696 0.820228
20.0 0.082011 0.096265 0.821724
21.0 0.086819 0.090217 0.822964
22.0 0.091941 0.08486 0.823199
23.0 0.097006 0.079747 0.823247
24.0 0.102242 0.074932 0.822826
25.0 0.107749 0.070462 0.821789
26.0 0.113357 0.066404 0.820239
27.0 0.118865 0.062503 0.818632
0.0 0.148318 0.332577 0.519105
1.0 0.148318 0.332577 0.519105
2.0 0.148318 0.332577 0.519105
3.0 0.148318 0.332577 0.519105
4.0 0.148318 0.332577 0.519105
5.0 0.148318 0.332577 0.519105
6.0 0.148318 0.332577 0.519105
7.0 0.148318 0.332577 0.519105
8.0 0.148317 0.332578 0.519105
9.0 0.148317 0.332578 0.519105
10.0 0.148317 0.332578 0.519105
11.0 0.148317 0.332578 0.519105
12.0 0.148316 0.332579 0.519105
13.0 0.148316 0.332579 0.519105
14.0 0.148316 0.332579 0.519105
15.0 0.148316 0.332579 0.519105
16.0 0.148316 0.332579 0.519105
17.0 0.148316 0.332579 0.519105
18.0 0.148316 0.332579 0.519105
19.0 0.148315 0.33258 0.519105
20.0 0.148314 0.332581 0.519105
21.0 0.148314 0.332581 0.519105
22.0 0.148314 0.332581 0.519105
23.0 0.148314 0.332581 0.519105
24.0 0.148314 0.332581 0.519105
25.0 0.148314 0.332581 0.519105
26.0 0.148314 0.332581 0.519105
27.0 0.148314 0.332581 0.519105
28.0 0.148314 0.332581 0.519105
29.0 0.148314 0.332581 0.519105
30.0 0.148313 0.332582 0.519105
31.0 0.148312 0.332583 0.519105
32.0 0.148312 0.332583 0.519105
33.0 0.148311 0.332584 0.519105
34.0 0.148311 0.332584 0.519105
35.0 0.148311 0.332584 0.519105
36.0 0.148311 0.332584 0.519105
37.0 0.148311 0.332584 0.519105
38.0 0.148311 0.332584 0.519105
39.0 0.148311 0.332584 0.519105
40.0 0.148311 0.332584 0.519105
41.0 0.148311 0.332584 0.519105
42.0 0.148311 0.332584 0.519105
43.0 0.148312 0.332584 0.519104
44.0 0.148312 0.332584 0.519104
45.0 0.148312 0.332584 0.519104
46.0 0.148312 0.332584 0.519104
47.0 0.148312 0.332583 0.519105
48.0 0.148312 0.332583 0.519105
49.0 0.148312 0.332582 0.519106
50.0 0.148312 0.332582 0.519106
51.0 0.148312 0.332582 0.519106
52.0 0.148312 0.332582 0.519106
53.0 0.148312 0.332582 0.519106
54.0 0.148312 0.332581 0.519107
55.0 0.148312 0.332581 0.519107
56.0 0.148311 0.332582 0.519107
57.0 0.148311 0.332582 0.519107
58.0 0.148311 0.332582 0.519107
59.0 0.148311 0.332582 0.519107
60.0 0.148311 0.332582 0.519107
61.0 0.148311 0.332582 0.519107
62.0 0.148311 0.332582 0.519107
63.0 0.148311 0.332582 0.519107
64.0 0.148311 0.332582 0.519107
65.0 0.148311 0.332582 0.519107
66.0 0.148311 0.332582 0.519107
67.0 0.148311 0.332582 0.519107
68.0 0.148311 0.332581 0.519108
69.0 0.148311 0.332581 0.519108
70.0 0.148311 0.332581 0.519108
71.0 0.148311 0.332581 0.519108
72.0 0.148311 0.332581 0.519108
0.0 0.148185 0.332743 0.519072
1.0 0.148185 0.332743 0.519072
2.0 0.148185 0.332743 0.519072
3.0 0.148185 0.332743 0.519072
4.0 0.148185 0.332743 0.519072
5.0 0.148185 0.332743 0.519072
6.0 0.148185 0.332743 0.519072
7.0 0.148185 0.332743 0.519072
8.0 0.148185 0.332743 0.519072
9.0 0.148185 0.332743 0.519072
10.0 0.148185 0.332743 0.519072
11.0 0.148185 0.332743 0.519072
12.0 0.148185 0.332743 0.519072
13.0 0.148185 0.332743 0.519072
14.0 0.148185 0.332743 0.519072
15.0 0.148185 0.332743 0.519072
16.0 0.148185 0.332743 0.519072
17.0 0.148185 0.332743 0.519072
18.0 0.148185 0.332743 0.519072
19.0 0.148185 0.332743 0.519072
20.0 0.148185 0.332743 0.519072
21.0 0.148185 0.332743 0.519072
22.0 0.148185 0.332743 0.519072
23.0 0.148185 0.332743 0.519072
24.0 0.148185 0.332743 0.519072
25.0 0.148185 0.332743 0.519072
26.0 0.148185 0.332743 0.519072
27.0 0.148185 0.332743 0.519072
28.0 0.148184 0.332744 0.519072
29.0 0.148184 0.332744 0.519072
30.0 0.148184 0.332744 0.519072
31.0 0.148183 0.332745 0.519072
32.0 0.148183 0.332745 0.519072
33.0 0.148182 0.332746 0.519072
34.0 0.148181 0.332747 0.519072
35.0 0.148181 0.332747 0.519072
36.0 0.148181 0.332747 0.519072
37.0 0.14818 0.332748 0.519072
38.0 0.14818 0.332748 0.519072
39.0 0.14818 0.332748 0.519072
40.0 0.14818 0.332748 0.519072
41.0 0.14818 0.332747 0.519073
42.0 0.14818 0.332747 0.519073
43.0 0.14818 0.332747 0.519073
44.0 0.14818 0.332747 0.519073
45.0 0.14818 0.332747 0.519073
46.0 0.14818 0.332747 0.519073
47.0 0.14818 0.332747 0.519073
48.0 0.14818 0.332747 0.519073
49.0 0.14818 0.332747 0.519073
50.0 0.14818 0.332747 0.519073
51.0 0.14818 0.332747 0.519073
52.0 0.148179 0.332748 0.519073
53.0 0.148179 0.332748 0.519073
54.0 0.148179 0.332748 0.519073
55.0 0.148179 0.332748 0.519073
56.0 0.148179 0.332748 0.519073
57.0 0.148179 0.332748 0.519073
58.0 0.148179 0.332748 0.519073
59.0 0.148178 0.332749 0.519073
60.0 0.148178 0.332749 0.519073
61.0 0.148178 0.332749 0.519073
62.0 0.148178 0.332749 0.519073
63.0 0.148178 0.332749 0.519073
64.0 0.148178 0.332749 0.519073
65.0 0.148178 0.332749 0.519073
66.0 0.148178 0.332749 0.519073
67.0 0.148178 0.332749 0.519073
68.0 0.148178 0.332749 0.519073
69.0 0.148178 0.332749 0.519073
70.0 0.148178 0.332749 0.519073
71.0 0.148178 0.332749 0.519073
72.0 0.148177 0.33275 0.519073
73.0 0.148177 0.33275 0.519073
74.0 0.148177 0.33275 0.519073
75.0 0.148177 0.33275 0.519073
76.0 0.148177 0.33275 0.519073
77.0 0.148177 0.33275 0.519073
78.0 0.148177 0.33275 0.519073
79.0 0.148177 0.33275 0.519073
80.0 0.148177 0.332749 0.519074
81.0 0.148177 0.332749 0.519074
82.0 0.148176 0.33275 0.519074
83.0 0.148176 0.33275 0.519074
84.0 0.148176 0.33275 0.519074
85.0 0.148176 0.33275 0.519074
86.0 0.148176 0.33275 0.519074
87.0 0.148176 0.33275 0.519074
88.0 0.148176 0.33275 0.519074
89.0 0.148176 0.33275 0.519074
90.0 0.148176 0.33275 0.519074
91.0 0.148176 0.33275 0.519074
92.0 0.148176 0.33275 0.519074
93.0 0.148176 0.33275 0.519074
94.0 0.148176 0.33275 0.519074
95.0 0.148176 0.33275 0.519074
96.0 0.148176 0.33275 0.519074
97.0 0.148176 0.33275 0.519074
98.0 0.148176 0.33275 0.519074
99.0 0.148176 0.33275 0.519074
100.0 0.148176 0.33275 0.519074
101.0 0.148176 0.332749 0.519075
102.0 0.148176 0.332749 0.519075
103.0 0.148176 0.332749 0.519075
104.0 0.148176 0.332749 0.519075
105.0 0.148176 0.332749 0.519075
106.0 0.148176 0.332749 0.519075
107.0 0.148175 0.33275 0.519075
108.0 0.148175 0.33275 0.519075
109.0 0.148175 0.33275 0.519075
110.0 0.148175 0.33275 0.519075
111.0 0.148175 0.33275 0.519075
112.0 0.148175 0.33275 0.519075
113.0 0.148174 0.332751 0.519075
114.0 0.148174 0.332751 0.519075
115.0 0.148174 0.332751 0.519075
116.0 0.148174 0.332751 0.519075
117.0 0.148174 0.332751 0.519075
118.0 0.148174 0.332751 0.519075
119.0 0.148173 0.332752 0.519075
120.0 0.148173 0.332752 0.519075
121.0 0.148173 0.332752 0.519075
122.0 0.148173 0.332752 0.519075
123.0 0.148173 0.332752 0.519075
124.0 0.148173 0.332752 0.519075
125.0 0.148173 0.332752 0.519075
126.0 0.148173 0.332752 0.519075
127.0 0.148173 0.332752 0.519075
128.0 0.148173 0.332752 0.519075
129.0 0.148173 0.332752 0.519075
130.0 0.148173 0.332752 0.519075
131.0 0.148173 0.332752 0.519075
132.0 0.148173 0.332752 0.519075
133.0 0.148172 0.332753 0.519075
134.0 0.148172 0.332753 0.519075
135.0 0.148172 0.332753 0.519075
136.0 0.148172 0.332753 0.519075
137.0 0.148172 0.332753 0.519075
138.0 0.148172 0.332753 0.519075
139.0 0.148172 0.332753 0.519075
140.0 0.148172 0.332753 0.519075
141.0 0.148172 0.332753 0.519075
142.0 0.148172 0.332753 0.519075
143.0 0.148172 0.332753 0.519075
144.0 0.148172 0.332753 0.519075
145.0 0.148172 0.332753 0.519075
146.0 0.148172 0.332753 0.519075
147.0 0.148172 0.332753 0.519075
148.0 0.148172 0.332753 0.519075
149.0 0.148172 0.332753 0.519075
150.0 0.148172 0.332753 0.519075
151.0 0.148172 0.332753 0.519075
152.0 0.148171 0.332754 0.519075
153.0 0.148171 0.332754 0.519075
154.0 0.148171 0.332754 0.519075
155.0 0.148171 0.332753 0.519076
156.0 0.148171 0.332753 0.519076
157.0 0.148171 0.332753 0.519076
158.0 0.148171 0.332753 0.519076
159.0 0.148171 0.332753 0.519076
160.0 0.148171 0.332753 0.519076
161.0 0.148171 0.332753 0.519076
162.0 0.148171 0.332753 0.519076
163.0 0.148171 0.332753 0.519076
164.0 0.148171 0.332753 0.519076
165.0 0.148171 0.332753 0.519076
166.0 0.148171 0.332753 0.519076
167.0 0.148171 0.332753 0.519076
168.0 0.148171 0.332753 0.519076
169.0 0.14817 0.332754 0.519076
170.0 0.14817 0.332754 0.519076
171.0 0.14817 0.332754 0.519076
172.0 0.148169 0.332755 0.519076
173.0 0.148169 0.332755 0.519076
174.0 0.148169 0.332755 0.519076
175.0 0.148169 0.332755 0.519076
176.0 0.148169 0.332755 0.519076
177.0 0.148169 0.332755 0.519076
178.0 0.148169 0.332755 0.519076
179.0 0.148169 0.332755 0.519076
180.0 0.148169 0.332755 0.519076
181.0 0.148169 0.332755 0.519076
182.0 0.148169 0.332755 0.519076
183.0 0.148169 0.332755 0.519076
184.0 0.148169 0.332755 0.519076
185.0 0.148169 0.332755 0.519076
186.0 0.148169 0.332755 0.519076
187.0 0.148169 0.332755 0.519076
188.0 0.148169 0.332755 0.519076
189.0 0.148169 0.332755 0.519076
190.0 0.148169 0.332755 0.519076
191.0 0.148168 0.332756 0.519076
192.0 0.148168 0.332756 0.519076
193.0 0.148168 0.332755 0.519077
194.0 0.148168 0.332755 0.519077
195.0 0.148168 0.332755 0.519077
196.0 0.148168 0.332755 0.519077
197.0 0.148168 0.332755 0.519077
198.0 0.148168 0.332755 0.519077
199.0 0.148168 0.332755 0.519077
200.0 0.148168 0.332755 0.519077
201.0 0.148168 0.332755 0.519077
202.0 0.148168 0.332755 0.519077
203.0 0.148168 0.332755 0.519077
204.0 0.148168 0.332755 0.519077
205.0 0.148168 0.332755 0.519077
206.0 0.148168 0.332755 0.519077
207.0 0.148168 0.332755 0.519077
208.0 0.148168 0.332755 0.519077
209.0 0.148168 0.332755 0.519077
210.0 0.148168 0.332755 0.519077
211.0 0.148168 0.332755 0.519077
212.0 0.148168 0.332755 0.519077
213.0 0.148167 0.332756 0.519077
214.0 0.148167 0.332756 0.519077
215.0 0.148167 0.332756 0.519077
216.0 0.148167 0.332756 0.519077
217.0 0.148167 0.332756 0.519077
218.0 0.148167 0.332756 0.519077
219.0 0.148167 0.332756 0.519077
220.0 0.148167 0.332756 0.519077
221.0 0.148167 0.332756 0.519077
222.0 0.148168 0.332756 0.519076
223.0 0.148168 0.332756 0.519076
224.0 0.148168 0.332756 0.519076
225.0 0.148168 0.332756 0.519076
226.0 0.148168 0.332756 0.519076
227.0 0.148168 0.332756 0.519076
228.0 0.148168 0.332756 0.519076
229.0 0.148168 0.332756 0.519076
230.0 0.148168 0.332756 0.519076
231.0 0.148167 0.332757 0.519076
232.0 0.148167 0.332757 0.519076
233.0 0.148167 0.332757 0.519076
234.0 0.148167 0.332757 0.519076
235.0 0.148167 0.332757 0.519076
236.0 0.148167 0.332757 0.519076
237.0 0.148167 0.332757 0.519076
238.0 0.148167 0.332757 0.519076
239.0 0.148167 0.332756 0.519077
240.0 0.148167 0.332756 0.519077
241.0 0.148167 0.332756 0.519077
242.0 0.148167 0.332756 0.519077
243.0 0.148167 0.332756 0.519077
244.0 0.148167 0.332755 0.519078
245.0 0.148167 0.332755 0.519078
246.0 0.148167 0.332755 0.519078
247.0 0.148167 0.332755 0.519078
248.0 0.148167 0.332755 0.519078
249.0 0.148167 0.332755 0.519078
250.0 0.148167 0.332755 0.519078
251.0 0.148167 0.332755 0.519078
252.0 0.148167 0.332755 0.519078
253.0 0.148167 0.332755 0.519078
254.0 0.148167 0.332755 0.519078
255.0 0.148167 0.332755 0.519078
256.0 0.148167 0.332755 0.519078
257.0 0.148167 0.332755 0.519078
258.0 0.148167 0.332755 0.519078
259.0 0.148167 0.332755 0.519078
260.0 0.148166 0.332756 0.519078
261.0 0.148166 0.332756 0.519078
262.0 0.148166 0.332756 0.519078
263.0 0.148166 0.332756 0.519078
264.0 0.148166 0.332756 0.519078
265.0 0.148166 0.332755 0.519079
266.0 0.148166 0.332755 0.519079
267.0 0.148166 0.332755 0.519079
268.0 0.148166 0.332755 0.519079
269.0 0.148166 0.332755 0.519079
270.0 0.148166 0.332755 0.519079
271.0 0.148166 0.332755 0.519079
272.0 0.148166 0.332755 0.519079
273.0 0.148166 0.332755 0.519079
274.0 0.148166 0.332755 0.519079
275.0 0.148166 0.332755 0.519079
276.0 0.148166 0.332755 0.519079
277.0 0.148166 0.332755 0.519079
278.0 0.148166 0.332755 0.519079
279.0 0.148166 0.332755 0.519079
280.0 0.148166 0.332755 0.519079
281.0 0.148166 0.332755 0.519079
282.0 0.148166 0.332755 0.519079
283.0 0.148166 0.332755 0.519079
284.0 0.148166 0.332755 0.519079
285.0 0.148165 0.332756 0.519079
286.0 0.148165 0.332756 0.519079
287.0 0.148165 0.332756 0.519079
288.0 0.148165 0.332756 0.519079
289.0 0.148165 0.332756 0.519079
290.0 0.148165 0.332756 0.519079
291.0 0.148165 0.332756 0.519079
292.0 0.148165 0.332756 0.519079
293.0 0.148165 0.332756 0.519079
294.0 0.148165 0.332756 0.519079
295.0 0.148165 0.332756 0.519079
296.0 0.148165 0.332756 0.519079
297.0 0.148165 0.332756 0.519079
298.0 0.148165 0.332756 0.519079
299.0 0.148165 0.332756 0.519079
300.0 0.148165 0.332756 0.519079
301.0 0.148165 0.332756 0.519079
302.0 0.148165 0.332756 0.519079
303.0 0.148164 0.332757 0.519079
304.0 0.148164 0.332757 0.519079
305.0 0.148164 0.332757 0.519079
306.0 0.148164 0.332757 0.519079
307.0 0.148164 0.332757 0.519079
308.0 0.148164 0.332757 0.519079
309.0 0.148164 0.332757 0.519079
310.0 0.148164 0.332757 0.519079
311.0 0.148164 0.332757 0.519079
312.0 0.148164 0.332757 0.519079
313.0 0.148164 0.332757 0.519079
314.0 0.148164 0.332757 0.519079
315.0 0.148164 0.332757 0.519079
316.0 0.148164 0.332757 0.519079
317.0 0.148164 0.332757 0.519079
318.0 0.148164 0.332757 0.519079
319.0 0.148164 0.332757 0.519079
320.0 0.148164 0.332757 0.519079
321.0 0.148164 0.332756 0.51908
322.0 0.148163 0.332757 0.51908
323.0 0.148163 0.332757 0.51908
324.0 0.148163 0.332757 0.51908
325.0 0.148163 0.332757 0.51908
326.0 0.148163 0.332757 0.51908
327.0 0.148163 0.332757 0.51908
328.0 0.148162 0.332758 0.51908
329.0 0.148162 0.332758 0.51908
330.0 0.148162 0.332758 0.51908
331.0 0.148162 0.332758 0.51908
332.0 0.148162 0.332758 0.51908
333.0 0.148162 0.332758 0.51908
334.0 0.148161 0.332759 0.51908
335.0 0.14816 0.33276 0.51908
336.0 0.14816 0.33276 0.51908
337.0 0.14816 0.33276 0.51908
338.0 0.14816 0.332759 0.519081
339.0 0.14816 0.332759 0.519081
340.0 0.148159 0.33276 0.519081
341.0 0.148159 0.33276 0.519081
342.0 0.148159 0.33276 0.519081
343.0 0.148159 0.33276 0.519081
344.0 0.148159 0.33276 0.519081
345.0 0.14816 0.33276 0.51908
346.0 0.14816 0.33276 0.51908
347.0 0.148159 0.332761 0.51908
348.0 0.148159 0.332761 0.51908
349.0 0.148159 0.332761 0.51908
350.0 0.148159 0.332761 0.51908
351.0 0.148158 0.332762 0.51908
352.0 0.148158 0.332762 0.51908
353.0 0.148158 0.332762 0.51908
354.0 0.148158 0.332761 0.519081
355.0 0.148158 0.332761 0.519081
356.0 0.148158 0.33276 0.519082
357.0 0.148158 0.33276 0.519082
358.0 0.148158 0.33276 0.519082
359.0 0.148157 0.332761 0.519082
360.0 0.148157 0.332761 0.519082
361.0 0.148157 0.332761 0.519082
362.0 0.148156 0.332762 0.519082
363.0 0.148156 0.332762 0.519082
364.0 0.148156 0.332762 0.519082
365.0 0.148156 0.332762 0.519082
366.0 0.148156 0.332762 0.519082
367.0 0.148156 0.332762 0.519082
368.0 0.148155 0.332763 0.519082
369.0 0.148155 0.332763 0.519082
370.0 0.148155 0.332763 0.519082
371.0 0.148155 0.332763 0.519082
372.0 0.148155 0.332763 0.519082
373.0 0.148155 0.332763 0.519082
374.0 0.148155 0.332763 0.519082
375.0 0.148155 0.332763 0.519082
376.0 0.148155 0.332763 0.519082
377.0 0.148155 0.332763 0.519082
378.0 0.148155 0.332763 0.519082
379.0 0.148155 0.332763 0.519082
380.0 0.148155 0.332763 0.519082
381.0 0.148155 0.332763 0.519082
382.0 0.148155 0.332763 0.519082
383.0 0.148155 0.332763 0.519082
384.0 0.148155 0.332763 0.519082
385.0 0.148155 0.332763 0.519082
386.0 0.148155 0.332763 0.519082
387.0 0.148155 0.332763 0.519082
388.0 0.148155 0.332763 0.519082
389.0 0.148155 0.332763 0.519082
390.0 0.148154 0.332764 0.519082
391.0 0.148154 0.332764 0.519082
392.0 0.148153 0.332765 0.519082
393.0 0.148153 0.332765 0.519082
394.0 0.148153 0.332765 0.519082
395.0 0.148153 0.332765 0.519082
396.0 0.148153 0.332765 0.519082
397.0 0.148152 0.332766 0.519082
398.0 0.148152 0.332766 0.519082
399.0 0.148152 0.332766 0.519082
400.0 0.148151 0.332767 0.519082
401.0 0.148151 0.332767 0.519082
402.0 0.148151 0.332767 0.519082
403.0 0.148151 0.332767 0.519082
404.0 0.14815 0.332768 0.519082
405.0 0.14815 0.332768 0.519082
406.0 0.148149 0.332769 0.519082
407.0 0.148149 0.332769 0.519082
408.0 0.148149 0.332769 0.519082
409.0 0.148149 0.332769 0.519082
410.0 0.148149 0.332769 0.519082
411.0 0.148149 0.332769 0.519082
412.0 0.148149 0.332769 0.519082
413.0 0.148149 0.332769 0.519082
414.0 0.148149 0.332769 0.519082
0.0 0.14842 0.333048 0.518532
1.0 0.14842 0.333048 0.518532
2.0 0.14842 0.333048 0.518532
3.0 0.14842 0.333048 0.518532
4.0 0.14842 0.333048 0.518532
5.0 0.148419 0.333049 0.518532
6.0 0.148419 0.333049 0.518532
7.0 0.148419 0.333049 0.518532
8.0 0.148419 0.333049 0.518532
9.0 0.148419 0.333049 0.518532
10.0 0.148419 0.333049 0.518532
11.0 0.148419 0.333049 0.518532
12.0 0.148419 0.333049 0.518532
13.0 0.148419 0.333049 0.518532
14.0 0.148418 0.33305 0.518532
15.0 0.148418 0.33305 0.518532
16.0 0.148418 0.33305 0.518532
17.0 0.148418 0.33305 0.518532
18.0 0.148418 0.33305 0.518532
19.0 0.148418 0.33305 0.518532
20.0 0.148418 0.33305 0.518532
21.0 0.148418 0.33305 0.518532
22.0 0.148418 0.33305 0.518532
23.0 0.148418 0.33305 0.518532
24.0 0.148418 0.33305 0.518532
25.0 0.148418 0.33305 0.518532
26.0 0.148418 0.33305 0.518532
27.0 0.148418 0.33305 0.518532
28.0 0.148418 0.33305 0.518532
29.0 0.148418 0.33305 0.518532
30.0 0.148418 0.33305 0.518532
31.0 0.148418 0.33305 0.518532
32.0 0.148418 0.33305 0.518532
33.0 0.148418 0.33305 0.518532
34.0 0.148418 0.33305 0.518532
35.0 0.148418 0.33305 0.518532
36.0 0.148418 0.33305 0.518532
37.0 0.148418 0.33305 0.518532
38.0 0.148418 0.33305 0.518532
39.0 0.148418 0.33305 0.518532
40.0 0.148417 0.333051 0.518532
41.0 0.148417 0.333051 0.518532
42.0 0.148417 0.333051 0.518532
43.0 0.148417 0.333051 0.518532
44.0 0.148417 0.333051 0.518532
45.0 0.148417 0.333051 0.518532
46.0 0.148417 0.333051 0.518532
47.0 0.148417 0.333051 0.518532
48.0 0.148417 0.333051 0.518532
49.0 0.148417 0.333051 0.518532
50.0 0.148417 0.333051 0.518532
51.0 0.148417 0.333051 0.518532
52.0 0.148417 0.333051 0.518532
53.0 0.148417 0.333051 0.518532
54.0 0.148417 0.333051 0.518532
55.0 0.148417 0.333051 0.518532
56.0 0.148417 0.333051 0.518532
57.0 0.148417 0.333051 0.518532
58.0 0.148417 0.333051 0.518532
59.0 0.148417 0.333051 0.518532
60.0 0.148417 0.333051 0.518532
61.0 0.148417 0.333051 0.518532
62.0 0.148417 0.333051 0.518532
63.0 0.148417 0.333051 0.518532
64.0 0.148417 0.333051 0.518532
65.0 0.148417 0.333051 0.518532
66.0 0.148416 0.333052 0.518532
67.0 0.148416 0.333052 0.518532
68.0 0.148416 0.333052 0.518532
69.0 0.148416 0.333052 0.518532
70.0 0.148416 0.333052 0.518532
71.0 0.148416 0.333052 0.518532
72.0 0.148416 0.333052 0.518532
73.0 0.148416 0.333052 0.518532
74.0 0.148416 0.333052 0.518532
75.0 0.148416 0.333052 0.518532
76.0 0.148416 0.333052 0.518532
77.0 0.148416 0.333052 0.518532
78.0 0.148416 0.333052 0.518532
79.0 0.148416 0.333052 0.518532
80.0 0.148416 0.333052 0.518532
81.0 0.148416 0.333052 0.518532
82.0 0.148416 0.333052 0.518532
83.0 0.148415 0.333053 0.518532
84.0 0.148415 0.333053 0.518532
85.0 0.148415 0.333053 0.518532
86.0 0.148415 0.333053 0.518532
87.0 0.148415 0.333053 0.518532
88.0 0.148415 0.333053 0.518532
89.0 0.148415 0.333053 0.518532
90.0 0.148415 0.333053 0.518532
91.0 0.148415 0.333053 0.518532
92.0 0.148415 0.333053 0.518532
93.0 0.148415 0.333053 0.518532
94.0 0.148415 0.333053 0.518532
95.0 0.148415 0.333053 0.518532
96.0 0.148415 0.333053 0.518532
97.0 0.148415 0.333053 0.518532
98.0 0.148415 0.333053 0.518532
99.0 0.148415 0.333053 0.518532
100.0 0.148415 0.333053 0.518532
101.0 0.148415 0.333053 0.518532
102.0 0.148415 0.333053 0.518532
103.0 0.148415 0.333053 0.518532
104.0 0.148415 0.333053 0.518532
105.0 0.148415 0.333053 0.518532
106.0 0.148415 0.333053 0.518532
107.0 0.148415 0.333053 0.518532
0.0 0.147974 0.333616 0.51841
1.0 0.147973 0.333617 0.51841
2.0 0.147973 0.333617 0.51841
3.0 0.147973 0.333617 0.51841
4.0 0.147973 0.333617 0.51841
5.0 0.147973 0.333617 0.51841
6.0 0.147973 0.333617 0.51841
7.0 0.147973 0.333617 0.51841
8.0 0.147973 0.333617 0.51841
9.0 0.147973 0.333617 0.51841
10.0 0.147973 0.333617 0.51841
11.0 0.147973 0.333617 0.51841
12.0 0.147973 0.333617 0.51841
13.0 0.147973 0.333617 0.51841
14.0 0.147973 0.333617 0.51841
15.0 0.147973 0.333617 0.51841
16.0 0.147973 0.333617 0.51841
17.0 0.147973 0.333617 0.51841
18.0 0.147973 0.333617 0.51841
19.0 0.147973 0.333617 0.51841
20.0 0.147973 0.333617 0.51841
21.0 0.147973 0.333617 0.51841
22.0 0.147973 0.333617 0.51841
23.0 0.147973 0.333617 0.51841
24.0 0.147972 0.333618 0.51841
25.0 0.147972 0.333618 0.51841
26.0 0.147972 0.333618 0.51841
27.0 0.147971 0.333619 0.51841
28.0 0.147971 0.333619 0.51841
29.0 0.147971 0.333619 0.51841
30.0 0.147971 0.333619 0.51841
31.0 0.147971 0.333619 0.51841
32.0 0.147971 0.333619 0.51841
33.0 0.147971 0.333619 0.51841
34.0 0.147971 0.333619 0.51841
35.0 0.147971 0.333619 0.51841
36.0 0.14797 0.33362 0.51841
37.0 0.14797 0.33362 0.51841
38.0 0.14797 0.33362 0.51841
39.0 0.14797 0.33362 0.51841
40.0 0.14797 0.33362 0.51841
41.0 0.14797 0.33362 0.51841
42.0 0.147969 0.333621 0.51841
43.0 0.147969 0.333621 0.51841
44.0 0.147969 0.333621 0.51841
45.0 0.147969 0.333621 0.51841
46.0 0.147969 0.333621 0.51841
47.0 0.147969 0.333621 0.51841
48.0 0.147969 0.333621 0.51841
49.0 0.147969 0.333621 0.51841
50.0 0.147969 0.333621 0.51841
51.0 0.147969 0.333621 0.51841
52.0 0.147969 0.333621 0.51841
53.0 0.147969 0.333621 0.51841
54.0 0.147969 0.333621 0.51841
55.0 0.147969 0.333621 0.51841
56.0 0.147969 0.333621 0.51841
57.0 0.147969 0.333621 0.51841
58.0 0.147969 0.333621 0.51841
59.0 0.147969 0.333621 0.51841
60.0 0.147968 0.333622 0.51841
61.0 0.147968 0.333622 0.51841
62.0 0.147968 0.333622 0.51841
63.0 0.147968 0.333622 0.51841
64.0 0.147968 0.333622 0.51841
65.0 0.147968 0.333622 0.51841
66.0 0.147968 0.333622 0.51841
67.0 0.147968 0.333622 0.51841
68.0 0.147968 0.333622 0.51841
69.0 0.147968 0.333622 0.51841
70.0 0.147968 0.333622 0.51841
71.0 0.147968 0.333622 0.51841
72.0 0.147968 0.333622 0.51841
73.0 0.147968 0.333622 0.51841
74.0 0.147968 0.333622 0.51841
75.0 0.147968 0.333622 0.51841
76.0 0.147968 0.333622 0.51841
77.0 0.147968 0.333622 0.51841
78.0 0.147968 0.333622 0.51841
79.0 0.147968 0.333622 0.51841
80.0 0.147968 0.333622 0.51841
81.0 0.147968 0.333622 0.51841
82.0 0.147968 0.333622 0.51841
83.0 0.147968 0.333622 0.51841
84.0 0.147968 0.333622 0.51841
85.0 0.147968 0.333622 0.51841
86.0 0.147968 0.333622 0.51841
87.0 0.147968 0.333622 0.51841
88.0 0.147968 0.333622 0.51841
89.0 0.147967 0.333623 0.51841
90.0 0.147966 0.333624 0.51841
91.0 0.147966 0.333624 0.51841
92.0 0.147966 0.333624 0.51841
93.0 0.147966 0.333624 0.51841
94.0 0.147966 0.333624 0.51841
95.0 0.147966 0.333624 0.51841
96.0 0.147966 0.333624 0.51841
97.0 0.147966 0.333624 0.51841
98.0 0.147966 0.333624 0.51841
99.0 0.147966 0.333624 0.51841
100.0 0.147966 0.333624 0.51841
101.0 0.147966 0.333624 0.51841
102.0 0.147966 0.333624 0.51841
103.0 0.147965 0.333625 0.51841
104.0 0.147965 0.333625 0.51841
105.0 0.147965 0.333625 0.51841
106.0 0.147965 0.333625 0.51841
107.0 0.147965 0.333625 0.51841
108.0 0.147965 0.333625 0.51841
109.0 0.147965 0.333625 0.51841
110.0 0.147965 0.333625 0.51841
111.0 0.147965 0.333625 0.51841
0.0 0.0827 0.3636 0.5537
1.0 0.0554 0.3607 0.5839
2.0 0.0433 0.3461 0.6106
3.0 0.0364 0.3282 0.6354
4.0 0.034 0.3088 0.6572
5.0 0.0338 0.2863 0.6799
6.0 0.0355 0.2676 0.6969
7.0 0.0373 0.2508 0.7119
8.0 0.0406 0.2327 0.7267
9.0 0.0418 0.2172 0.741
10.0 0.0448 0.1994 0.7558
11.0 0.0473 0.1852 0.7675
12.0 0.0494 0.1757 0.7749
13.0 0.0537 0.1609 0.7854
14.0 0.0574 0.1509 0.7917
15.0 0.062 0.1391 0.7989
16.0 0.066 0.1308 0.8032
17.0 0.0714 0.121 0.8076
18.0 0.0759 0.1129 0.8112
19.0 0.0814 0.1069 0.8117
20.0 0.0862 0.0996 0.8142
21.0 0.0907 0.093 0.8163
22.0 0.096 0.0873 0.8167
23.0 0.0988 0.083 0.8182
24.0 0.1036 0.0779 0.8185
25.0 0.1096 0.0743 0.8161
26.0 0.1169 0.0687 0.8144
27.0 0.1217 0.0683 0.81
28.0 0.1236 0.0656 0.8108
29.0 0.1277 0.0635 0.8088
30.0 0.1328 0.0598 0.8074
31.0 0.1369 0.0575 0.8056
32.0 0.143 0.0542 0.8028
33.0 0.1475 0.0522 0.8003
34.0 0.1528 0.049 0.7982
35.0 0.1599 0.0457 0.7944
36.0 0.1662 0.0432 0.7906
37.0 0.1727 0.0409 0.7864
38.0 0.1784 0.0387 0.7829
39.0 0.1833 0.035 0.7817
40.0 0.1886 0.034 0.7774
